parent_folder <- list(
  "publication" = "syn21645243",
  "dataset" = "syn22047105",
  "tool" = "syn21645176",
  "project" = "syn21645004",
  "consortium" = "syn21630050",
  "institution" = "syn21905841",
  "theme" = "syn21630049"
)

portal_table <- list(
  "publication" = "syn21868591",
  "dataset" = "syn21897968",
  "tool" = "syn21930566",
  "project" = "syn21868602",
  "grant" = "syn21918972",
  "file" = "syn9630847"
)

#annots_table <- "syn25322361"

